RSquared: 0.962975443369085
RootMeanSquareError: 3627.1110973143004
MeanSquaredError: 13155934.91226055
MeanAbsoluteError: 2481.7969377560303
